benchmarking ./build/bin/v3_simd_cpp with input containing 36000000 elements, stopping after 100 iterations or 900 seconds
16.73119
16.74141
16.7339
16.73183
16.74033
16.73586
16.74965
16.74954
16.74066
16.73388
16.73641
16.73897
16.73706
16.73742
16.73544
16.73299
16.73204
16.73002
16.73249
16.73716
16.73174
16.74106
16.74312
16.7368
16.74162
16.74406
16.73843
16.73783
16.74617
16.74656
16.74193
16.73855
16.7286
16.73644
16.73701
16.7409
16.73762
16.74077
16.72882
16.73755
16.72773
16.74282
16.73933
16.74019
16.73693
16.73851
16.74298
16.74854
16.74469
16.73617
16.73639
16.73536
16.73872
16.73654
3629657.17,msec,task-clock:u,3629657173074,100.00,3.958,CPUs utilized
0,,context-switches:u,3629657173074,100.00,0.000,K/sec
0,,cpu-migrations:u,3629657173074,100.00,0.000,K/sec
3867484,,page-faults:u,3629657173074,100.00,0.001,M/sec
8742831741984,,cycles:u,3629662208416,100.00,2.409,GHz
8944262266686,,instructions:u,3629662208416,100.00,1.02,insn per cycle
1481929142602,,branches:u,3629662208416,100.00,408.284,M/sec
2194765367,,branch-misses:u,3629662208416,100.00,0.15,of all branches
