benchmarking ./build/bin/v4_register_reuse_cpp with input containing 36000000 elements, stopping after 100 iterations or 900 seconds
5.535699
5.553719
5.55784
5.544241
5.553136
5.554242
5.551
5.548448
5.546638
5.54323
5.540191
5.562043
5.541402
5.545697
5.554177
5.544137
5.558865
5.560138
5.559286
5.559404
5.544063
5.553195
5.551488
5.559127
5.562873
5.549771
5.549161
5.554641
5.555928
5.550806
5.544977
5.545465
5.558383
5.551523
5.549317
5.549198
5.550553
5.551178
5.550416
5.542071
5.528931
5.547295
5.550389
5.556127
5.548682
5.546023
5.562443
5.558207
5.547091
5.554918
5.560417
5.55732
5.563655
5.55506
5.556717
5.553091
5.548542
5.552509
5.557944
5.558647
5.553868
5.559494
5.552696
5.560529
5.545541
5.547791
5.55166
5.553187
5.545936
5.550918
5.543829
5.552616
5.551389
5.557983
5.553615
5.546628
5.552794
5.556737
5.557505
5.554921
5.560264
5.566617
5.555824
5.553243
5.548405
5.558766
5.547028
5.556164
5.554622
5.56556
5.546882
5.547257
5.55825
5.556118
5.546843
5.55178
5.555501
5.559586
5.56498
5.557992
2248284.25,msec,task-clock:u,2248284247545,100.00,3.873,CPUs utilized
0,,context-switches:u,2248284247545,100.00,0.000,K/sec
0,,cpu-migrations:u,2248284247545,100.00,0.000,K/sec
7101924,,page-faults:u,2248284247545,100.00,0.003,M/sec
5251406134337,,cycles:u,2248288844229,100.00,2.336,GHz
8149885419216,,instructions:u,2248288844229,100.00,1.55,insn per cycle
341798400185,,branches:u,2248288844229,100.00,152.026,M/sec
400992772,,branch-misses:u,2248288844229,100.00,0.12,of all branches
