benchmarking ./build/bin/v5_more_register_reuse_cpp with input containing 36000000 elements, stopping after 100 iterations or 900 seconds
3.631653
3.667758
3.549881
3.711758
3.798917
3.584452
3.665464
3.820714
3.602289
3.560833
3.602845
3.702406
3.910238
3.706757
3.875885
3.86126
3.610605
3.713338
3.796368
3.805935
3.635906
3.892802
3.779756
3.795703
3.823432
3.702534
3.778708
3.659339
3.750425
3.873172
3.857835
3.846482
3.751651
3.618715
3.816809
3.836535
3.80433
3.79917
3.770593
3.675073
3.689844
3.76182
3.63844
3.732911
3.819343
3.849734
3.621412
3.696513
3.649235
3.847573
3.708099
3.541449
3.712669
3.689722
3.883379
3.870335
3.700022
3.789308
3.684004
3.811558
3.847963
3.725742
3.661668
3.545805
3.778838
3.65769
3.728402
3.905509
3.780837
3.635055
3.856933
3.750813
3.812883
3.866369
3.699192
3.913837
3.539552
3.938622
3.855381
3.715241
3.906159
3.889676
3.664505
3.693039
3.795144
3.80061
3.840877
3.66256
3.736932
3.81265
3.776718
3.741396
3.854059
3.626356
3.684011
3.658297
3.881852
4.151247
3.817303
3.941132
1520319.86,msec,task-clock:u,1520319861831,100.00,3.796,CPUs utilized
0,,context-switches:u,1520319861831,100.00,0.000,K/sec
0,,cpu-migrations:u,1520319861831,100.00,0.000,K/sec
7101921,,page-faults:u,1520319861831,100.00,0.005,M/sec
3530558804165,,cycles:u,1520325110785,100.00,2.322,GHz
8747639167345,,instructions:u,1520325110785,100.00,2.48,insn per cycle
375623767077,,branches:u,1520325110785,100.00,247.069,M/sec
84203846,,branch-misses:u,1520325110785,100.00,0.02,of all branches
