benchmarking ./build/bin/v6_prefetch_cpp with input containing 36000000 elements, stopping after 100 iterations or 900 seconds
3.323428
3.39156
3.395837
3.389508
3.386932
3.381283
3.387021
3.387196
3.388816
3.387256
3.382762
3.38313
3.38519
3.380386
3.387611
3.382959
3.380856
3.373634
3.388438
3.389462
3.386205
3.375215
3.376279
3.387908
3.380478
3.388265
3.38124
3.380279
3.382044
3.389715
3.387104
3.387714
3.386049
3.386194
3.383563
3.38377
3.385477
3.381306
3.383088
3.380664
3.385748
3.374771
3.389355
3.388191
3.390963
3.386624
3.390319
3.391759
3.383841
3.389135
3.388992
3.381738
3.380604
3.385194
3.38436
3.379755
3.382765
3.389681
3.389335
3.384781
3.387348
3.383999
3.380005
3.379954
3.379955
3.380644
3.383459
3.381205
3.384407
3.390393
3.387328
3.383511
3.386031
3.385693
3.390424
3.384283
3.382718
3.381717
3.383931
3.381603
3.380405
3.383468
3.389966
3.390022
3.394676
3.38722
3.401509
3.390715
3.390022
3.391025
3.388465
3.38332
3.383859
3.385212
3.397207
3.38168
3.388405
3.380793
3.381369
3.37944
1382429.09,msec,task-clock:u,1382429087347,100.00,3.790,CPUs utilized
0,,context-switches:u,1382429087347,100.00,0.000,K/sec
0,,cpu-migrations:u,1382429087347,100.00,0.000,K/sec
7101924,,page-faults:u,1382429087347,100.00,0.005,M/sec
3072889872109,,cycles:u,1382433161249,100.00,2.223,GHz
9759861417754,,instructions:u,1382433161249,100.00,3.18,insn per cycle
375576406533,,branches:u,1382433161249,100.00,271.679,M/sec
118766558,,branch-misses:u,1382433161249,100.00,0.03,of all branches
