benchmarking ./build/bin/v7_cache_reuse_cpp with input containing 36000000 elements, stopping after 100 iterations or 900 seconds
3.078284
3.117652
3.125627
3.114809
3.131621
3.133192
3.124027
3.144378
3.115887
3.128965
3.119764
3.122761
3.149038
3.128715
3.11266
3.137619
3.12845
3.111754
3.117016
3.127567
3.11207
3.128159
3.127914
3.125685
3.137756
3.146362
3.143817
3.11373
3.127873
3.120617
3.135558
3.115136
3.129517
3.122765
3.139928
3.129869
3.126944
3.147294
3.119752
3.12073
3.121579
3.118529
3.116759
3.135472
3.120545
3.137958
3.120394
3.130548
3.119388
3.12306
3.151047
3.131945
3.123702
3.138468
3.134306
3.120715
3.144909
3.127139
3.161025
3.127499
3.125899
3.121638
3.134799
3.123947
3.142292
3.136786
3.116916
3.134872
3.135749
3.160067
3.134365
3.128418
3.131549
3.130516
3.123591
3.139105
3.121237
3.140691
3.14198
3.120537
3.13458
3.132599
3.150111
3.156507
3.172827
3.12686
3.138568
3.126846
3.129101
3.134565
3.136124
3.132734
3.129526
3.128536
3.132892
3.120859
3.142072
3.126377
3.116737
3.136464
1280230.66,msec,task-clock:u,1280230656744,100.00,3.789,CPUs utilized
0,,context-switches:u,1280230656744,100.00,0.000,K/sec
0,,cpu-migrations:u,1280230656744,100.00,0.000,K/sec
4175679,,page-faults:u,1280230656744,100.00,0.003,M/sec
3103244507171,,cycles:u,1280234285308,100.00,2.424,GHz
8785076559000,,instructions:u,1280234285308,100.00,2.83,insn per cycle
380700222889,,branches:u,1280234285308,100.00,297.368,M/sec
855087780,,branch-misses:u,1280234285308,100.00,0.22,of all branches
