benchmarking ./build/bin/v5_more_register_reuse_rust with input containing 36000000 elements, stopping after 100 iterations or 600 seconds
13.07106
13.07097
13.07079
13.07226
13.07036
13.07014
13.07135
13.07113
13.07093
13.06972
13.07081
13.07149
13.06961
13.07168
13.07347
13.07206
13.07279
13.07246
13.07223
13.06996
13.06977
13.07004
13.07042
13.07046
13.07066
13.07079
13.07099
13.07135
13.09468
13.07104
13.07155
13.06981
13.07042
13.07017
13.06977
13.07276
13.07076
13.07028
13.07112
13.07066
13.0716
13.07165
13.07095
13.07131
13.0713
13.07145
609429.55,msec,task-clock:u,609429552427,100.00,1.000,CPUs utilized
0,,context-switches:u,609429552427,100.00,0.000,K/sec
0,,cpu-migrations:u,609429552427,100.00,0.000,K/sec
3304965,,page-faults:u,609429552427,100.00,0.005,M/sec
2602393638273,,cycles:u,609430734804,100.00,4.270,GHz
4179980612716,,instructions:u,609430734804,100.00,1.61,insn per cycle
178260789939,,branches:u,609430734804,100.00,292.504,M/sec
26343419,,branch-misses:u,609430734804,100.00,0.01,of all branches
