benchmarking ./build/bin/v6_prefetch_rust with input containing 36000000 elements, stopping after 100 iterations or 600 seconds
12.85541
12.87658
12.87718
12.87685
12.85056
12.87627
12.87587
12.87756
12.877
12.87707
12.87729
12.87772
12.85502
12.87657
12.87664
12.85119
12.87732
12.87649
12.87532
12.87535
12.87495
12.87503
12.87536
12.87518
12.87488
12.87485
12.87499
12.87521
12.87512
12.87497
12.87541
12.87471
12.87454
12.87537
12.8749
12.87531
12.875
12.84486
12.84672
12.84554
12.84656
12.84628
12.84624
12.85118
12.87171
12.85673
12.87121
613150.22,msec,task-clock:u,613150218466,100.00,1.000,CPUs utilized
0,,context-switches:u,613150218466,100.00,0.000,K/sec
0,,cpu-migrations:u,613150218466,100.00,0.000,K/sec
3375278,,page-faults:u,613150218466,100.00,0.006,M/sec
2616208629387,,cycles:u,613151232814,100.00,4.267,GHz
4588020073393,,instructions:u,613151232814,100.00,1.75,insn per cycle
181686483484,,branches:u,613151232814,100.00,296.316,M/sec
26931388,,branch-misses:u,613151232814,100.00,0.01,of all branches
