benchmarking ./build/bin/v7_cache_reuse_rust with input containing 36000000 elements, stopping after 100 iterations or 600 seconds
12.97663
12.97541
12.97139
12.97646
12.97554
12.97168
12.97192
12.97363
12.9756
12.9738
12.97167
12.97101
12.97091
12.96876
12.96862
12.9686
12.96853
12.96901
12.96833
12.9688
12.96917
12.96842
12.96944
12.96893
12.96919
12.96949
12.96921
12.96897
12.96888
12.96972
12.96927
12.96953
12.96861
12.96854
12.96807
12.96831
12.96871
12.96867
12.9667
12.96878
12.96862
12.96799
12.96859
12.9675
12.96874
12.96855
12.96864
617903.61,msec,task-clock:u,617903606313,100.00,1.000,CPUs utilized
0,,context-switches:u,617903606313,100.00,0.000,K/sec
0,,cpu-migrations:u,617903606313,100.00,0.000,K/sec
1782228,,page-faults:u,617903606313,100.00,0.003,M/sec
2647020517112,,cycles:u,617904594486,100.00,4.284,GHz
5434919619963,,instructions:u,617904594486,100.00,2.05,insn per cycle
186171124815,,branches:u,617904594486,100.00,301.295,M/sec
427055028,,branch-misses:u,617904594486,100.00,0.23,of all branches
