benchmarking ./build/bin/v5_more_register_reuse_cpp with input containing 36000000 elements, stopping after 100 iterations or 600 seconds
13.03715
13.03407
13.03413
13.03653
13.03648
13.03651
13.03626
13.03566
13.03638
13.03613
13.03612
13.03568
13.0363
13.0359
13.03639
13.036
13.03594
13.03587
13.03628
13.03637
13.0355
13.03581
13.03426
13.03355
13.03349
13.03386
13.03368
13.03451
13.0339
13.03395
13.0339
13.03402
13.03384
13.03358
13.03372
13.03356
13.03375
13.03384
13.03372
13.0339
13.03459
13.03222
13.03652
13.03616
13.03647
13.03645
13.03647
620955.32,msec,task-clock:u,620955321105,100.00,1.000,CPUs utilized
0,,context-switches:u,620955321105,100.00,0.000,K/sec
0,,cpu-migrations:u,620955321105,100.00,0.000,K/sec
3375256,,page-faults:u,620955321105,100.00,0.005,M/sec
2650740365034,,cycles:u,620956476060,100.00,4.269,GHz
4111508049567,,instructions:u,620956476060,100.00,1.55,insn per cycle
177694055603,,branches:u,620956476060,100.00,286.162,M/sec
26556324,,branch-misses:u,620956476060,100.00,0.01,of all branches
