benchmarking ./build/bin/v6_prefetch_cpp with input containing 36000000 elements, stopping after 100 iterations or 600 seconds
13.00952
13.00577
13.00301
13.0045
13.00446
13.00426
13.00432
13.00377
13.00531
13.00423
13.00419
13.00394
13.00421
13.00406
13.0046
13.00404
13.00484
13.00414
13.00406
13.00554
13.00363
13.00603
13.00359
13.00395
13.00341
13.00617
13.00482
13.00432
13.00394
13.00404
13.0053
13.00444
13.00359
13.00325
13.00358
13.00343
13.00334
13.00322
13.00324
13.00342
13.00376
13.00333
13.00321
13.00337
13.00331
13.00318
13.00308
619501.71,msec,task-clock:u,619501706339,100.00,1.000,CPUs utilized
0,,context-switches:u,619501706339,100.00,0.000,K/sec
0,,cpu-migrations:u,619501706339,100.00,0.000,K/sec
3375258,,page-faults:u,619501706339,100.00,0.005,M/sec
2644649690989,,cycles:u,619502699326,100.00,4.269,GHz
4587277488708,,instructions:u,619502699326,100.00,1.73,insn per cycle
177694073532,,branches:u,619502699326,100.00,286.834,M/sec
26824716,,branch-misses:u,619502699326,100.00,0.02,of all branches
