benchmarking ./build/bin/v7_cache_reuse_cpp with input containing 36000000 elements, stopping after 100 iterations or 600 seconds
12.87883
12.86195
12.88268
12.87734
12.87841
12.87485
12.87701
12.8723
12.87196
12.87309
12.87358
12.87429
12.88075
12.88094
12.88322
12.8827
12.882
12.88342
12.88208
12.8833
12.88306
12.88392
12.884
12.88317
12.883
12.88255
12.88284
12.88284
12.88228
12.88125
12.88225
12.88227
12.88249
12.88212
12.88078
12.88157
12.88064
12.88175
12.88202
12.88089
12.88062
12.87994
12.88306
12.88432
12.8806
12.88283
12.88246
613683.95,msec,task-clock:u,613683945495,100.00,1.000,CPUs utilized
0,,context-switches:u,613683945495,100.00,0.000,K/sec
0,,cpu-migrations:u,613683945495,100.00,0.000,K/sec
1979923,,page-faults:u,613683945495,100.00,0.003,M/sec
2627653804055,,cycles:u,613685047825,100.00,4.282,GHz
4130428540654,,instructions:u,613685047825,100.00,1.57,insn per cycle
179362686889,,branches:u,613685047825,100.00,292.272,M/sec
402459681,,branch-misses:u,613685047825,100.00,0.22,of all branches
