benchmarking ./build/bin/v4_register_reuse_cpp with input containing 36000000 elements, stopping after 100 iterations or 900 seconds
19.13035
18.8558
18.84252
18.83761
18.84677
18.8428
18.85089
19.07567
18.84141
18.8252
18.8263
18.84459
18.83212
18.83928
18.83242
18.83478
19.08376
19.10859
19.10994
19.12057
19.12128
19.1155
19.12469
18.84719
18.85095
18.85022
18.8425
18.83308
18.82956
19.06984
19.11155
19.10241
19.11889
19.09939
18.83853
18.84086
18.83305
18.8354
18.83733
18.83267
19.07557
19.10756
19.08822
19.11175
19.10625
19.11344
18.84608
18.83197
1036226.82,msec,task-clock:u,1036226822905,100.00,1.000,CPUs utilized
0,,context-switches:u,1036226822905,100.00,0.000,K/sec
0,,cpu-migrations:u,1036226822905,100.00,0.000,K/sec
6820548,,page-faults:u,1036226822905,100.00,0.007,M/sec
3483583193506,,cycles:u,1036229690739,100.00,3.362,GHz
4385006943133,,instructions:u,1036229690739,100.00,1.26,insn per cycle
205484596200,,branches:u,1036229690739,100.00,198.301,M/sec
192472425,,branch-misses:u,1036229690739,100.00,0.09,of all branches
