benchmarking ./build/bin/v5_more_register_reuse_cpp with input containing 36000000 elements, stopping after 100 iterations or 900 seconds
10.42565
10.43079
10.42289
10.43233
10.42802
10.42621
10.42857
10.41885
10.42471
10.41799
10.41909
10.42097
10.42763
10.43178
10.43192
10.42476
10.41378
10.43446
10.4285
10.4244
10.40923
10.43976
10.4247
10.4251
10.43048
10.43098
10.43266
10.44022
10.42014
10.42443
10.43013
10.42614
10.41993
10.42189
10.41743
10.41604
10.41977
10.41758
10.41563
10.42142
10.41722
10.42254
10.41154
10.42114
10.43047
10.42872
10.42346
10.41998
10.43028
10.4383
10.42824
10.42914
10.43235
10.42072
10.43371
10.429
10.42556
10.43514
10.42033
10.41527
10.41027
10.41821
10.42108
10.4189
10.41688
10.43042
10.43161
10.41981
10.43379
10.42549
10.42529
10.42313
10.42998
10.40555
10.41809
10.41409
10.41121
10.41764
10.41636
10.42182
10.41499
10.41841
10.41812
10.41884
10.4177
10.43313
10.41989
1136191.64,msec,task-clock:u,1136191641805,100.00,1.000,CPUs utilized
0,,context-switches:u,1136191641805,100.00,0.000,K/sec
0,,cpu-migrations:u,1136191641805,100.00,0.000,K/sec
12304960,,page-faults:u,1136191641805,100.00,0.011,M/sec
3802159126504,,cycles:u,1136194575018,100.00,3.346,GHz
7947222553712,,instructions:u,1136194575018,100.00,2.09,insn per cycle
403760139574,,branches:u,1136194575018,100.00,355.363,M/sec
119112897,,branch-misses:u,1136194575018,100.00,0.03,of all branches
