benchmarking ./build/bin/v6_prefetch_cpp with input containing 36000000 elements, stopping after 100 iterations or 900 seconds
9.525298
9.500107
9.493165
9.525084
9.516562
9.516355
9.516675
9.515702
9.497742
9.485681
9.494135
9.492985
9.493177
9.493001
9.492756
9.491195
9.495405
9.492917
9.492784
9.492875
9.520669
9.513652
9.515849
9.514002
9.513371
9.513201
9.513982
9.515961
9.51378
9.511144
9.517434
9.516855
9.514893
9.498484
9.493709
9.492361
9.491965
9.49259
9.490296
9.491923
9.520501
9.515985
9.515569
9.515689
9.517416
9.500072
9.49445
9.491791
9.491611
9.493113
9.491521
9.492748
9.493503
9.491843
9.493231
9.491722
9.492989
9.523006
9.517618
9.517036
9.513704
9.519549
9.514566
9.516944
9.515245
9.514241
9.514961
9.498842
9.493694
9.492723
9.492723
9.492614
9.491759
9.495221
9.492373
9.521488
9.516069
9.498116
9.4857
9.492598
9.492219
9.492451
9.489337
9.491683
9.491749
9.493464
9.492333
9.521878
9.515138
9.515265
9.516319
9.51652
9.496285
9.492623
9.493216
1153335.85,msec,task-clock:u,1153335850221,100.00,1.000,CPUs utilized
0,,context-switches:u,1153335850221,100.00,0.000,K/sec
0,,cpu-migrations:u,1153335850221,100.00,0.000,K/sec
13429972,,page-faults:u,1153335850221,100.00,0.012,M/sec
3856350191534,,cycles:u,1153339163081,100.00,3.344,GHz
9319247219179,,instructions:u,1153339163081,100.00,2.42,insn per cycle
440886279326,,branches:u,1153339163081,100.00,382.271,M/sec
129076447,,branch-misses:u,1153339163081,100.00,0.03,of all branches
