benchmarking ./build/bin/v7_cache_reuse_cpp with input containing 36000000 elements, stopping after 100 iterations or 900 seconds
8.579722
8.565363
8.602211
8.558297
8.558992
8.563809
8.6066
8.562318
8.564075
8.561586
8.560841
8.562404
8.566869
8.567926
8.567017
8.566502
8.567903
8.567179
8.56561
8.565549
8.566845
8.57118
8.567049
8.566574
8.560174
8.566968
8.562805
8.569084
8.566846
8.566378
8.567039
8.569012
8.567259
8.569197
8.566397
8.571501
8.565743
8.569412
8.57021
8.569471
8.570008
8.564157
8.570724
8.569926
8.567472
8.566791
8.567122
8.568217
8.561919
8.568887
8.570243
8.568161
8.565828
8.573846
8.569296
8.5667
8.570856
8.568094
8.56853
8.570832
8.568101
8.561397
8.567569
8.566422
8.56809
8.563861
8.564583
8.566974
8.567802
8.559019
8.568474
8.567235
8.567898
8.567259
8.568729
8.565257
8.569543
8.566181
8.567841
8.569665
8.56356
8.558732
8.569117
8.577206
8.566652
8.577291
8.572914
8.563182
8.567739
8.573534
8.572495
8.576669
8.569399
8.571202
8.564163
8.57102
8.56787
8.573375
8.570033
8.561018
1123009.93,msec,task-clock:u,1123009932255,100.00,1.000,CPUs utilized
0,,context-switches:u,1123009932255,100.00,0.000,K/sec
0,,cpu-migrations:u,1123009932255,100.00,0.000,K/sec
4714465,,page-faults:u,1123009932255,100.00,0.004,M/sec
3783561032752,,cycles:u,1123012664008,100.00,3.369,GHz
9549972880387,,instructions:u,1123012664008,100.00,2.52,insn per cycle
469699987056,,branches:u,1123012664008,100.00,418.251,M/sec
870159823,,branch-misses:u,1123012664008,100.00,0.19,of all branches
