benchmarking ./build/bin/v4_register_reuse_cpp with input containing 36000000 elements, stopping after 100 iterations or 900 seconds
19.16647
18.96339
19.14535
18.95474
18.94749
18.95194
18.95322
18.94167
19.14456
19.15888
19.17267
19.16106
19.1622
19.16949
18.95214
18.94834
18.95053
18.94755
18.93841
18.95844
18.95486
18.95242
19.15794
19.17136
19.18797
19.16199
19.16779
19.16372
19.16184
19.18463
18.95653
18.95058
18.94582
18.95523
18.93572
18.9455
19.16294
19.16406
19.16494
19.1586
19.1705
19.16955
18.95473
18.94697
18.95344
18.94983
18.9613
18.94827
924332.35,msec,task-clock:u,924332345660,100.00,1.000,CPUs utilized
0,,context-switches:u,924332345660,100.00,0.000,K/sec
0,,cpu-migrations:u,924332345660,100.00,0.000,K/sec
3445572,,page-faults:u,924332345660,100.00,0.004,M/sec
3114639359782,,cycles:u,924335252412,100.00,3.370,GHz
4195209021484,,instructions:u,924335252412,100.00,1.35,insn per cycle
163640354424,,branches:u,924335252412,100.00,177.036,M/sec
192477384,,branch-misses:u,924335252412,100.00,0.12,of all branches
