benchmarking ./build/bin/v5_more_register_reuse_cpp with input containing 36000000 elements, stopping after 100 iterations or 900 seconds
9.830049
9.848555
9.836472
9.83154
9.826758
9.840521
9.838269
9.841139
9.84103
9.825592
9.84774
9.836381
9.842304
9.840376
9.834928
9.831574
9.826328
9.847239
9.828582
9.825925
9.829056
9.833508
9.849304
9.835158
9.84081
9.846087
9.838755
9.841213
9.83536
9.83677
9.845072
9.827435
9.835354
9.833189
9.827566
9.828053
9.835764
9.842192
9.834476
9.822838
9.831638
9.828705
9.838714
9.823581
9.830381
9.829281
9.832667
9.829472
9.827655
9.835258
9.827677
9.838804
9.831262
9.8495
9.831923
9.827056
9.831557
9.838889
9.828402
9.827596
9.829524
9.829328
9.842507
9.843069
9.835759
9.846424
9.835559
9.840693
9.839477
9.840306
9.836918
9.842196
9.84039
9.840108
9.839373
9.844494
9.841996
9.841019
9.844271
9.837017
9.840361
9.845167
9.83907
9.842799
9.844974
9.845559
9.83316
9.843441
9.844824
9.84615
9.837638
9.841208
924022.05,msec,task-clock:u,924022048736,100.00,1.000,CPUs utilized
0,,context-switches:u,924022048736,100.00,0.000,K/sec
0,,cpu-migrations:u,924022048736,100.00,0.000,K/sec
6539387,,page-faults:u,924022048736,100.00,0.007,M/sec
3100713066768,,cycles:u,924025051751,100.00,3.356,GHz
8047624739683,,instructions:u,924025051751,100.00,2.60,insn per cycle
347822771109,,branches:u,924025051751,100.00,376.423,M/sec
127588069,,branch-misses:u,924025051751,100.00,0.04,of all branches
