benchmarking ./build/bin/v6_prefetch_cpp with input containing 36000000 elements, stopping after 100 iterations or 900 seconds
8.87634
8.825243
8.820091
8.820797
8.818348
8.819685
8.822502
8.818169
8.821562
8.869499
8.859686
8.826593
8.817453
8.820142
8.819066
8.819757
8.81957
8.867908
8.860771
8.865326
8.853316
8.859663
8.866425
8.858953
8.863858
8.855362
8.861783
8.860944
8.858145
8.861124
8.857188
8.859835
8.857654
8.852873
8.855604
8.858935
8.85085
8.858212
8.859283
8.854999
8.85603
8.858663
8.859589
8.856561
8.854408
8.858752
8.856864
8.854383
8.824775
8.818632
8.86904
8.863519
8.86345
8.858855
8.862251
8.862798
8.858987
8.856919
8.863246
8.858451
8.868857
8.861074
8.864338
8.822474
8.819791
8.817778
8.81848
8.819511
8.863249
8.855144
8.86155
8.860216
8.85834
8.856448
8.856605
8.857738
8.855968
8.864662
8.858612
8.861712
8.82323
8.818369
8.819683
8.817841
8.817264
8.818352
8.869676
8.824137
8.819147
8.818176
8.818792
8.818495
8.819265
8.819036
8.820872
8.820903
8.864542
8.855793
8.854489
8.853251
905463.97,msec,task-clock:u,905463968360,100.00,1.000,CPUs utilized
0,,context-switches:u,905463968360,100.00,0.000,K/sec
0,,cpu-migrations:u,905463968360,100.00,0.000,K/sec
7101896,,page-faults:u,905463968360,100.00,0.008,M/sec
3035016674202,,cycles:u,905466924449,100.00,3.352,GHz
9761740084078,,instructions:u,905466924449,100.00,3.22,insn per cycle
378355068056,,branches:u,905466924449,100.00,417.858,M/sec
71332532,,branch-misses:u,905466924449,100.00,0.02,of all branches
