benchmarking ./build/bin/v7_cache_reuse_cpp with input containing 36000000 elements, stopping after 100 iterations or 900 seconds
8.50467
8.49896
8.522979
8.504661
8.502994
8.494215
8.517154
8.497517
8.495463
8.496443
8.495622
8.496366
8.504113
8.500787
8.503928
8.501952
8.49573
8.502422
8.502661
8.500075
8.504632
8.501146
8.502609
8.501628
8.501137
8.50806
8.50448
8.503298
8.503124
8.504316
8.502549
8.501806
8.506144
8.49986
8.499672
8.500157
8.506036
8.501783
8.504604
8.501756
8.502575
8.50004
8.504465
8.502839
8.502596
8.505416
8.50456
8.505135
8.497748
8.503444
8.510558
8.503252
8.509506
8.503563
8.502383
8.501566
8.504187
8.503251
8.504928
8.50032
8.510975
8.501672
8.506721
8.501033
8.504787
8.502017
8.505784
8.499812
8.50316
8.505531
8.496813
8.494918
8.499563
8.498891
8.50112
8.503426
8.50176
8.502104
8.511884
8.50321
8.502398
8.507035
8.501061
8.50661
8.503716
8.500608
8.501599
8.504733
8.501516
8.499701
8.501968
8.496744
8.496017
8.502524
8.500463
8.501539
8.501894
8.503311
8.506387
8.499228
871165.12,msec,task-clock:u,871165115743,100.00,1.000,CPUs utilized
0,,context-switches:u,871165115743,100.00,0.000,K/sec
0,,cpu-migrations:u,871165115743,100.00,0.000,K/sec
4152072,,page-faults:u,871165115743,100.00,0.005,M/sec
2931784981599,,cycles:u,871167503558,100.00,3.365,GHz
8790622030130,,instructions:u,871167503558,100.00,3.00,insn per cycle
382356253334,,branches:u,871167503558,100.00,438.902,M/sec
888590205,,branch-misses:u,871167503558,100.00,0.23,of all branches
