benchmarking ./build/bin/v5_more_register_reuse_cpp with input containing 36000000 elements, stopping after 100 iterations or 600 seconds
13.14012
13.13718
13.13781
13.13704
13.13712
13.13696
13.13698
13.13658
13.13654
13.13687
13.13699
13.13664
13.13734
13.13663
13.13566
13.1328
13.13275
13.1327
13.1327
13.13274
13.13267
13.13273
13.13269
13.13565
13.13714
13.13739
13.13418
13.1375
13.13443
13.13704
13.13783
13.13716
13.13812
13.135
13.13585
13.13274
13.1326
13.13279
13.13268
13.13273
13.13268
13.13271
13.13272
13.13274
13.13268
13.1328
706559.54,msec,task-clock:u,706559538705,100.00,1.000,CPUs utilized
0,,context-switches:u,706559538705,100.00,0.000,K/sec
0,,cpu-migrations:u,706559538705,100.00,0.000,K/sec
6539297,,page-faults:u,706559538705,100.00,0.009,M/sec
3009811133704,,cycles:u,706561103696,100.00,4.260,GHz
4202002205467,,instructions:u,706561103696,100.00,1.40,insn per cycle
213488532857,,branches:u,706561103696,100.00,302.152,M/sec
25998981,,branch-misses:u,706561103696,100.00,0.01,of all branches
