benchmarking ./build/bin/v6_prefetch_cpp with input containing 36000000 elements, stopping after 100 iterations or 600 seconds
13.10448
13.10257
13.10202
13.10019
13.09989
13.10098
13.101
13.10103
13.10114
13.10124
13.1017
13.10208
13.10221
13.10252
13.10266
13.10177
13.10368
13.10082
13.10176
13.10018
13.1003
13.10014
13.10019
13.09994
13.09991
13.1001
13.09989
13.10125
13.10188
13.10014
13.09979
13.09987
13.09986
13.10001
13.10068
13.10049
13.10048
13.1004
13.10191
13.09998
13.10045
13.10013
13.10153
13.10187
13.10058
13.10181
705100.21,msec,task-clock:u,705100211562,100.00,1.000,CPUs utilized
0,,context-switches:u,705100211562,100.00,0.000,K/sec
0,,cpu-migrations:u,705100211562,100.00,0.000,K/sec
6539296,,page-faults:u,705100211562,100.00,0.009,M/sec
3003491900657,,cycles:u,705101765609,100.00,4.260,GHz
4512502202002,,instructions:u,705101765609,100.00,1.50,insn per cycle
213488532134,,branches:u,705101765609,100.00,302.778,M/sec
25992112,,branch-misses:u,705101765609,100.00,0.01,of all branches
