benchmarking ./build/bin/v7_cache_reuse_cpp with input containing 36000000 elements, stopping after 100 iterations or 600 seconds
12.94461
12.94722
12.94506
12.94129
12.94149
12.9364
12.95996
12.94134
12.94143
12.94111
12.94149
12.94331
12.96024
12.95946
12.96077
12.95597
12.95528
12.95809
12.95945
12.95422
12.95371
12.95361
12.95402
12.95757
12.95744
12.95728
12.95403
12.94958
12.94024
12.95342
12.95314
12.95154
12.95317
12.95795
12.95415
12.95612
12.95515
12.95351
12.95728
12.94897
12.96223
12.95766
12.95456
12.95724
12.95514
12.95706
12.95434
713480.17,msec,task-clock:u,713480169455,100.00,1.000,CPUs utilized
0,,context-switches:u,713480169455,100.00,0.000,K/sec
0,,cpu-migrations:u,713480169455,100.00,0.000,K/sec
2233588,,page-faults:u,713480169455,100.00,0.003,M/sec
3055679693980,,cycles:u,713481722544,100.00,4.283,GHz
4485671522625,,instructions:u,713481722544,100.00,1.47,insn per cycle
220224832792,,branches:u,713481722544,100.00,308.663,M/sec
400783292,,branch-misses:u,713481722544,100.00,0.18,of all branches
