benchmarking ./build/bin/v3_simd_cpp with input containing 36000000 elements, stopping after 100 iterations or 900 seconds
16.69595
16.70155
16.70075
16.7095
16.70836
16.69374
16.69858
16.70453
16.70228
16.70841
16.71019
16.71125
16.71408
16.71226
16.71418
16.70172
16.70711
16.71321
16.71184
16.70283
16.7185
16.70817
16.72968
16.70734
16.69727
16.70002
16.70826
16.69902
16.70889
16.7048
16.69571
16.7027
16.69621
16.69366
16.70352
16.69641
16.69852
16.69936
16.70225
16.6925
16.69705
16.68291
16.69296
16.69102
16.68909
16.69645
16.69378
16.70185
16.69474
16.69102
16.69686
16.69436
16.68065
16.69467
3782435.17,msec,task-clock:u,3782435165072,100.00,3.614,CPUs utilized
0,,context-switches:u,3782435165072,100.00,0.000,K/sec
0,,cpu-migrations:u,3782435165072,100.00,0.000,K/sec
7664384,,page-faults:u,3782435165072,100.00,0.002,M/sec
9367639402447,,cycles:u,3782440614985,100.00,2.477,GHz
6359151544060,,instructions:u,3782440614985,100.00,0.68,insn per cycle
447021152370,,branches:u,3782440614985,100.00,118.183,M/sec
1947941103,,branch-misses:u,3782440614985,100.00,0.44,of all branches
