benchmarking ./build/bin/v4_register_reuse_cpp with input containing 36000000 elements, stopping after 100 iterations or 900 seconds
5.31708
5.335222
5.33904
5.344798
5.32946
5.344743
5.342911
5.339829
5.335473
5.342469
5.343207
5.344834
5.338264
5.344721
5.324705
5.330923
5.341955
5.338248
5.337754
5.345894
5.344339
5.348205
5.350484
5.339491
5.349526
5.347939
5.345092
5.333261
5.341883
5.335455
5.350124
5.36194
5.347855
5.330959
5.351506
5.334949
5.337813
5.343166
5.338472
5.34612
5.347406
5.345253
5.337646
5.332772
5.340289
5.335093
5.34416
5.341485
5.342071
5.346503
5.351175
5.343102
5.347006
5.339437
5.351105
5.348811
5.347595
5.356118
5.347017
5.34057
5.346855
5.34484
5.343484
5.339954
5.340497
5.344531
5.337011
5.347193
5.337771
5.330696
5.335668
5.326725
5.351254
5.343632
5.340861
5.346552
5.335972
5.338757
5.337769
5.333985
5.336775
5.349617
5.339619
5.345387
5.343915
5.350558
5.348432
5.336337
5.336369
5.338194
5.338973
5.340476
5.339427
5.352057
5.340894
5.340097
5.34912
5.350208
5.339617
5.342588
2463288.82,msec,task-clock:u,2463288817181,100.00,3.060,CPUs utilized
0,,context-switches:u,2463288817181,100.00,0.000,K/sec
0,,cpu-migrations:u,2463288817181,100.00,0.000,K/sec
14133179,,page-faults:u,2463288817181,100.00,0.006,M/sec
6438067209495,,cycles:u,2463293567293,100.00,2.614,GHz
8994373826130,,instructions:u,2463293567293,100.00,1.40,insn per cycle
443565874740,,branches:u,2463293567293,100.00,180.071,M/sec
406262789,,branch-misses:u,2463293567293,100.00,0.09,of all branches
