benchmarking ./build/bin/v5_more_register_reuse_cpp with input containing 36000000 elements, stopping after 100 iterations or 900 seconds
3.264444
3.538751
3.726321
3.708987
3.781725
3.430194
3.673665
3.535752
3.639679
3.428107
3.425294
3.697353
3.500541
3.900328
3.5979
3.758962
3.418146
3.764496
3.546249
3.427274
3.425969
3.42526
3.557233
3.428037
3.737932
3.425458
3.598869
3.425705
3.654968
3.422669
3.597085
3.427907
3.421944
3.782473
3.559773
3.658962
3.93435
3.418461
3.428724
3.42474
3.660843
3.417931
3.648182
3.422969
3.76713
3.790047
3.420767
3.427064
3.780665
3.965775
3.416298
3.574124
3.780693
3.847636
3.930609
3.865974
3.418919
3.970152
3.521471
3.592745
3.422355
3.589774
3.85198
3.542189
3.428307
3.617774
3.424819
3.428292
3.698499
3.418602
3.784366
3.432713
3.426365
3.8727
3.419259
3.432065
3.428676
3.736286
3.612896
3.684851
3.712983
3.418638
3.781713
3.507659
3.728583
3.915489
3.623347
3.789287
3.42389
3.629311
3.424353
3.779706
3.730464
3.579519
3.718616
3.723365
3.66963
3.90573
3.582959
3.672207
1759700.24,msec,task-clock:u,1759700237656,100.00,2.790,CPUs utilized
0,,context-switches:u,1759700237656,100.00,0.000,K/sec
0,,cpu-migrations:u,1759700237656,100.00,0.000,K/sec
14133176,,page-faults:u,1759700237656,100.00,0.008,M/sec
4716278695817,,cycles:u,1759704428543,100.00,2.680,GHz
9287621684371,,instructions:u,1759704428543,100.00,1.97,insn per cycle
480258817312,,branches:u,1759704428543,100.00,272.921,M/sec
136170968,,branch-misses:u,1759704428543,100.00,0.03,of all branches
