benchmarking ./build/bin/v6_prefetch_cpp with input containing 36000000 elements, stopping after 100 iterations or 900 seconds
3.106304
3.120431
3.241954
3.240818
3.237655
3.238459
3.23646
3.240312
3.227814
3.230497
3.234448
3.241875
3.237797
3.238117
3.235301
3.241729
3.236711
3.237987
3.240241
3.243455
3.242594
3.240368
3.233771
3.241459
3.235869
3.241591
3.230361
3.230167
3.242583
3.244658
3.245352
3.228145
3.239812
3.235119
3.240733
3.236918
3.241706
3.236149
3.232722
3.226559
3.238317
3.23117
3.237434
3.226198
3.232488
3.235286
3.246349
3.237504
3.242636
3.236108
3.232964
3.242654
3.232989
3.235747
3.239161
3.239845
3.237635
3.2404
3.245967
3.244215
3.247647
3.243052
3.234994
3.238909
3.240083
3.239208
3.234255
3.242473
3.242697
3.24044
3.229542
3.235801
3.241386
3.250671
3.249698
3.242494
3.244586
3.243173
3.248078
3.249057
3.246013
3.238126
3.239846
3.241202
3.242492
3.240475
3.240751
3.241349
3.250588
3.240541
3.247368
3.236484
3.23506
3.236182
3.242815
3.232518
3.235655
3.227275
3.229544
3.225978
1618811.59,msec,task-clock:u,1618811586704,100.00,2.721,CPUs utilized
0,,context-switches:u,1618811586704,100.00,0.000,K/sec
0,,cpu-migrations:u,1618811586704,100.00,0.000,K/sec
14133177,,page-faults:u,1618811586704,100.00,0.009,M/sec
4284545674170,,cycles:u,1618815472718,100.00,2.647,GHz
9958553081046,,instructions:u,1618815472718,100.00,2.32,insn per cycle
479039126440,,branches:u,1618815472718,100.00,295.920,M/sec
146293958,,branch-misses:u,1618815472718,100.00,0.03,of all branches
