benchmarking ./build/bin/v7_cache_reuse_cpp with input containing 36000000 elements, stopping after 100 iterations or 900 seconds
2.788661
2.796417
2.977765
2.9034
2.91422
2.940208
2.919092
2.961225
2.929595
2.904385
2.911592
2.920417
2.916194
2.905437
2.905459
2.966837
2.94831
2.967498
2.931506
2.909277
2.953128
2.942951
2.984508
2.917522
2.985195
2.951568
2.906841
2.975806
2.915064
2.928592
2.911317
2.901511
2.910075
2.91598
2.960025
2.937574
2.916547
2.90773
2.914907
2.928727
2.915262
2.904626
2.964247
2.89765
2.920927
2.918334
2.912239
2.970494
2.909086
2.921833
2.93394
2.89952
2.960226
2.90618
2.922661
2.919674
2.929096
2.943231
2.905865
2.914187
2.908396
2.983113
2.926365
2.924325
2.945751
2.928382
2.925472
2.913101
2.897292
2.904126
2.900461
2.939186
2.931338
2.922467
2.91158
2.923298
2.971395
2.923326
2.910463
2.93325
2.929292
2.966166
2.917861
2.898728
2.902589
2.909781
2.941369
2.911217
2.913089
2.901754
2.907408
2.900518
2.89815
2.90311
2.931825
2.936959
2.930021
2.911868
2.8965
2.913291
1498545.22,msec,task-clock:u,1498545222895,100.00,2.655,CPUs utilized
0,,context-switches:u,1498545222895,100.00,0.000,K/sec
0,,cpu-migrations:u,1498545222895,100.00,0.000,K/sec
4720549,,page-faults:u,1498545222895,100.00,0.003,M/sec
4342565627008,,cycles:u,1498549223025,100.00,2.898,GHz
9333328164637,,instructions:u,1498549223025,100.00,2.15,insn per cycle
486469748855,,branches:u,1498549223025,100.00,324.628,M/sec
864928827,,branch-misses:u,1498549223025,100.00,0.18,of all branches
