benchmarking ./build/bin/v3_simd_cpp with input containing 36000000 elements, stopping after 100 iterations or 600 seconds
13.45977
13.46439
13.40841
13.4921
13.41007
13.49707
13.48556
13.41175
13.42819
13.41098
13.41067
13.41174
13.50366
13.41036
13.42674
13.41643
13.41167
13.48979
13.48548
13.41139
13.41176
13.40886
13.41248
13.49952
13.49842
13.48696
13.49721
13.41131
13.49471
13.47508
13.41928
13.50539
13.49941
13.49934
13.50442
13.41349
13.44271
13.4981
13.41143
13.4128
13.41022
13.41274
13.41252
13.41052
13.41106
2427321.48,msec,task-clock:u,2427321475975,100.00,3.959,CPUs utilized
0,,context-switches:u,2427321475975,100.00,0.000,K/sec
0,,cpu-migrations:u,2427321475975,100.00,0.000,K/sec
3234654,,page-faults:u,2427321475975,100.00,0.001,M/sec
10394332111958,,cycles:u,2427339012467,100.00,4.282,GHz
7453677315205,,instructions:u,2427339012467,100.00,0.72,insn per cycle
1234976266783,,branches:u,2427339012467,100.00,508.782,M/sec
1824928804,,branch-misses:u,2427339012467,100.00,0.15,of all branches
