benchmarking ./build/bin/v4_register_reuse_cpp with input containing 36000000 elements, stopping after 100 iterations or 600 seconds
4.45185
4.465175
4.458802
4.472656
4.441669
4.445611
4.467134
4.458311
4.477398
4.444721
4.469279
4.444841
4.445482
4.441816
4.471443
4.465532
4.456101
4.447551
4.437399
4.471858
4.442847
4.441508
4.441415
4.432446
4.457218
4.448291
4.454109
4.442139
4.457481
4.442297
4.46139
4.438792
4.450353
4.467483
4.456778
4.444857
4.440243
4.442783
4.455652
4.455616
4.459555
4.461814
4.454052
4.451465
4.450234
4.468017
4.441156
4.434469
4.435907
4.437805
4.458196
4.463985
4.450304
4.460829
4.440306
4.464091
4.440071
4.442176
4.440071
4.436153
4.448683
4.462391
4.464931
4.467814
4.455834
4.446612
4.457439
4.44817
4.458866
4.459374
4.469536
4.437278
4.457261
4.430844
4.444159
4.438894
4.438249
4.451599
4.452388
4.432299
4.444221
4.461082
4.440157
4.463282
4.456651
4.441677
4.426311
4.444513
4.439933
4.460963
4.461564
4.440478
4.441005
4.430808
4.431732
4.453079
4.438925
4.44237
4.463201
4.454485
1795901.20,msec,task-clock:u,1795901196878,100.00,3.879,CPUs utilized
0,,context-switches:u,1795901196878,100.00,0.000,K/sec
0,,cpu-migrations:u,1795901196878,100.00,0.000,K/sec
7101926,,page-faults:u,1795901196878,100.00,0.004,M/sec
7666127118650,,cycles:u,1795916708758,100.00,4.269,GHz
9349776607672,,instructions:u,1795916708758,100.00,1.22,insn per cycle
341881221444,,branches:u,1795916708758,100.00,190.368,M/sec
400989564,,branch-misses:u,1795916708758,100.00,0.12,of all branches
