benchmarking ./build/bin/v5_more_register_reuse_cpp with input containing 36000000 elements, stopping after 100 iterations or 600 seconds
3.277192
3.271383
3.271533
3.302106
3.276914
3.272136
3.271716
3.271179
3.272446
3.271513
3.271524
3.276648
3.276942
3.272558
3.27218
3.273311
3.274866
3.274333
3.27489
3.331064
3.272554
3.277097
3.272214
3.286632
3.271731
3.271865
3.270503
3.276862
3.272528
3.271266
3.271191
3.271874
3.276968
3.272495
3.273977
3.271168
3.276324
3.273825
3.270911
3.2763
3.27183
3.273477
3.276605
3.274503
3.27531
3.272794
3.27136
3.276557
3.272556
3.271897
3.27358
3.276402
3.274678
3.328477
3.274067
3.287317
3.271674
3.271636
3.276543
3.272669
3.276597
3.277632
3.277523
3.272071
3.271413
3.276851
3.276372
3.275776
3.271934
3.266558
3.276459
3.274323
3.274417
3.273294
3.275539
3.274479
3.273075
3.294802
3.274479
3.274396
3.267627
3.271903
3.271629
3.277009
3.277683
3.275012
3.275234
3.272529
3.271687
3.272634
3.274139
3.273806
3.273355
3.269275
3.276991
3.331339
3.272491
3.330467
3.271725
3.272284
1320590.86,msec,task-clock:u,1320590864878,100.00,3.821,CPUs utilized
0,,context-switches:u,1320590864878,100.00,0.000,K/sec
0,,cpu-migrations:u,1320590864878,100.00,0.000,K/sec
7101927,,page-faults:u,1320590864878,100.00,0.005,M/sec
5630593401556,,cycles:u,1320602170568,100.00,4.264,GHz
8748065653322,,instructions:u,1320602170568,100.00,1.55,insn per cycle
375745569259,,branches:u,1320602170568,100.00,284.528,M/sec
57327217,,branch-misses:u,1320602170568,100.00,0.02,of all branches
