benchmarking ./build/bin/v6_prefetch_cpp with input containing 36000000 elements, stopping after 100 iterations or 600 seconds
3.254328
3.306905
3.254651
3.302915
3.255
3.260643
3.262076
3.300713
3.254866
3.301617
3.254443
3.317192
3.264714
3.300468
3.267554
3.263163
3.268995
3.303566
3.273925
3.297574
3.269409
3.300688
3.253635
3.298646
3.26108
3.301956
3.254834
3.300042
3.254188
3.254653
3.263923
3.258106
3.254595
3.269071
3.259668
3.299773
3.263015
3.353242
3.25557
3.262549
3.255303
3.259355
3.254121
3.299903
3.265922
3.305598
3.268734
3.361148
3.271925
3.305787
3.270912
3.310994
3.255177
3.256361
3.323333
3.274537
3.255923
3.344493
3.26475
3.268428
3.263198
3.270596
3.303919
3.259463
3.271186
3.25739
3.312598
3.262501
3.254928
3.303175
3.261037
3.317342
3.301115
3.298987
3.269581
3.301498
3.255953
3.257739
3.25442
3.298101
3.259744
3.256852
3.254505
3.258378
3.253977
3.298273
3.269146
3.262762
3.267537
3.30428
3.254392
3.306289
3.255731
3.30545
3.266055
3.303141
3.269309
3.312688
3.269429
3.306346
1322019.79,msec,task-clock:u,1322019788222,100.00,3.823,CPUs utilized
0,,context-switches:u,1322019788222,100.00,0.000,K/sec
0,,cpu-migrations:u,1322019788222,100.00,0.000,K/sec
7101927,,page-faults:u,1322019788222,100.00,0.005,M/sec
5636928320745,,cycles:u,1322030715243,100.00,4.264,GHz
9760277998297,,instructions:u,1322030715243,100.00,1.73,insn per cycle
375695418902,,branches:u,1322030715243,100.00,284.183,M/sec
56564131,,branch-misses:u,1322030715243,100.00,0.02,of all branches
