benchmarking ./build/bin/v7_cache_reuse_cpp with input containing 36000000 elements, stopping after 100 iterations or 600 seconds
3.268904
3.26761
3.264447
3.264842
3.264808
3.265005
3.264908
3.26467
3.264741
3.264682
3.264799
3.264718
3.264899
3.265059
3.265024
3.264781
3.264742
3.264989
3.264841
3.26499
3.264834
3.26501
3.264656
3.264806
3.264782
3.264899
3.265045
3.26481
3.264687
3.264863
3.264803
3.264625
3.264891
3.264819
3.264782
3.265041
3.264797
3.264722
3.264755
3.265027
3.264901
3.264741
3.264628
3.265084
3.264832
3.264815
3.264777
3.264709
3.265098
3.264858
3.264911
3.264826
3.264738
3.264881
3.264631
3.264838
3.264766
3.264849
3.2645
3.264903
3.264687
3.265208
3.264756
3.264782
3.264715
3.264811
3.264911
3.265003
3.265011
3.264846
3.264823
3.264859
3.264954
3.265043
3.264777
3.265081
3.264689
3.264847
3.265024
3.265211
3.264782
3.264822
3.264923
3.264658
3.264769
3.264946
3.264706
3.264822
3.264721
3.264576
3.26479
3.264749
3.264961
3.26445
3.264889
3.265152
3.264769
3.264821
3.264541
3.265172
1322777.69,msec,task-clock:u,1322777685028,100.00,3.840,CPUs utilized
0,,context-switches:u,1322777685028,100.00,0.000,K/sec
0,,cpu-migrations:u,1322777685028,100.00,0.000,K/sec
3607467,,page-faults:u,1322777685028,100.00,0.003,M/sec
5658087153098,,cycles:u,1322786134566,100.00,4.277,GHz
8787498131297,,instructions:u,1322786134566,100.00,1.55,insn per cycle
381005991328,,branches:u,1322786134566,100.00,288.035,M/sec
846969914,,branch-misses:u,1322786134566,100.00,0.22,of all branches
