benchmarking ./build/bin/v3_simd_rust with input containing 36000000 elements, stopping after 100 iterations or 600 seconds
13.62626
13.65181
13.64919
13.646
13.69454
13.66079
13.66105
13.65479
13.62886
13.62883
13.65072
13.63061
13.62889
13.62832
13.63798
13.63208
13.62762
13.6293
13.63224
13.637
13.64934
13.63154
13.6928
13.69534
13.63876
13.62957
13.63386
13.67665
13.70554
13.72253
13.6926
13.63453
13.64058
13.64098
13.68599
13.70488
13.70526
13.71916
13.69446
13.63608
13.6297
13.65701
13.6834
13.71819
2399951.95,msec,task-clock:u,2399951949262,100.00,3.942,CPUs utilized
0,,context-switches:u,2399951949262,100.00,0.000,K/sec
0,,cpu-migrations:u,2399951949262,100.00,0.000,K/sec
3164407,,page-faults:u,2399951949262,100.00,0.001,M/sec
10279657544161,,cycles:u,2399967904861,100.00,4.283,GHz
4930238684491,,instructions:u,2399967904861,100.00,0.48,insn per cycle
323796312624,,branches:u,2399967904861,100.00,134.918,M/sec
1585625604,,branch-misses:u,2399967904861,100.00,0.49,of all branches
