benchmarking ./build/bin/v4_register_reuse_rust with input containing 36000000 elements, stopping after 100 iterations or 600 seconds
4.161156
4.167697
4.184439
4.165604
4.166163
4.161656
4.16244
4.16364
4.17492
4.187015
4.16548
4.168132
4.19629
4.290576
4.16948
4.167232
4.166696
4.167409
4.184584
4.165854
4.173351
4.172181
4.17944
4.176035
4.166896
4.171459
4.172755
4.174858
4.168533
4.1685
4.182471
4.172812
4.17345
4.178399
4.16882
4.168261
4.163656
4.174432
4.167066
4.166494
4.161231
4.167318
4.164999
4.164355
4.167665
4.277095
4.168307
4.169075
4.175732
4.187386
4.178648
4.179818
4.181967
4.179706
4.170366
4.184524
4.167853
4.165143
4.179815
4.167871
4.17348
4.165117
4.170191
4.181526
4.168341
4.16732
4.168087
4.171824
4.179679
4.181104
4.178723
4.176076
4.166728
4.177029
4.171767
4.178119
4.167845
4.167336
4.170563
4.169374
4.179418
4.207005
4.190192
4.185328
4.179792
4.171015
4.169595
4.16989
4.167598
4.166168
4.16849
4.170752
4.176952
4.182527
4.169832
4.180781
4.16607
4.170743
4.163949
4.169158
1661429.17,msec,task-clock:u,1661429167070,100.00,3.815,CPUs utilized
0,,context-switches:u,1661429167070,100.00,0.000,K/sec
0,,cpu-migrations:u,1661429167070,100.00,0.000,K/sec
7101991,,page-faults:u,1661429167070,100.00,0.004,M/sec
7096209337977,,cycles:u,1661443322201,100.00,4.271,GHz
8503872136227,,instructions:u,1661443322201,100.00,1.20,insn per cycle
360177698096,,branches:u,1661443322201,100.00,216.788,M/sec
401451613,,branch-misses:u,1661443322201,100.00,0.11,of all branches
