benchmarking ./build/bin/v5_more_register_reuse_rust with input containing 36000000 elements, stopping after 100 iterations or 600 seconds
3.344396
3.376633
3.346057
3.376571
3.34848
3.378017
3.347805
3.364503
3.363545
3.346612
3.347054
3.349246
3.347443
3.364915
3.347648
3.347058
3.347804
3.346712
3.348257
3.347535
3.347864
3.361048
3.348361
3.376975
3.346472
3.361864
3.347014
3.38077
3.347634
3.363353
3.348377
3.349274
3.346645
3.347713
3.346396
3.346717
3.345994
3.347342
3.347545
3.350997
3.348953
3.348114
3.348001
3.347458
3.347237
3.362523
3.349508
3.347467
3.347644
3.349025
3.349177
3.379478
3.349392
3.34842
3.347713
3.348136
3.345434
3.361333
3.345119
3.346595
3.3469
3.34795
3.348199
3.348201
3.3484
3.348709
3.34977
3.36289
3.3491
3.349028
3.347876
3.348165
3.346959
3.346976
3.34674
3.347478
3.344944
3.37868
3.363158
3.34676
3.34859
3.348807
3.347309
3.346511
3.346359
3.360227
3.347091
3.344836
3.34551
3.344904
3.345481
3.347875
3.348406
3.348751
3.347939
3.350175
3.347084
3.348042
3.34514
3.389307
1330107.16,msec,task-clock:u,1330107162230,100.00,3.767,CPUs utilized
0,,context-switches:u,1330107162230,100.00,0.000,K/sec
0,,cpu-migrations:u,1330107162230,100.00,0.000,K/sec
7101993,,page-faults:u,1330107162230,100.00,0.005,M/sec
5675797647182,,cycles:u,1330119400859,100.00,4.267,GHz
9120565723007,,instructions:u,1330119400859,100.00,1.61,insn per cycle
391926324630,,branches:u,1330119400859,100.00,294.658,M/sec
57425060,,branch-misses:u,1330119400859,100.00,0.01,of all branches
