benchmarking ./build/bin/v6_prefetch_rust with input containing 36000000 elements, stopping after 100 iterations or 600 seconds
3.391815
3.354579
3.324928
3.394934
3.389482
3.384811
3.340719
3.33606
3.338368
3.396572
3.339392
3.401743
3.369336
3.324527
3.380695
3.373656
3.337957
3.329562
3.324264
3.382621
3.338447
3.325531
3.325768
3.376741
3.347132
3.390403
3.324698
3.325433
3.342487
3.325196
3.325959
3.326767
3.326329
3.349211
3.32643
3.37446
3.325605
3.371849
3.324941
3.397925
3.355564
3.374328
3.344623
3.387638
3.341394
3.373867
3.343307
3.380097
3.341398
3.379394
3.324476
3.390287
3.32428
3.326074
3.327468
3.36336
3.326882
3.331866
3.326193
3.334535
3.324336
3.343995
3.331657
3.390438
3.343392
3.380959
3.345109
3.379557
3.327814
3.328595
3.326273
3.327644
3.412817
3.328285
3.375609
3.327539
3.326967
3.345531
3.326864
3.392958
3.327237
3.332293
3.347554
3.390179
3.326378
3.32736
3.331361
3.377019
3.328368
3.330439
3.394953
3.370664
3.326419
3.335664
3.333444
3.376667
3.326226
3.345482
3.33938
3.369779
1329325.54,msec,task-clock:u,1329325542223,100.00,3.766,CPUs utilized
0,,context-switches:u,1329325542223,100.00,0.000,K/sec
0,,cpu-migrations:u,1329325542223,100.00,0.000,K/sec
7101990,,page-faults:u,1329325542223,100.00,0.005,M/sec
5672520070759,,cycles:u,1329337518617,100.00,4.267,GHz
9792756424078,,instructions:u,1329337518617,100.00,1.73,insn per cycle
390970747610,,branches:u,1329337518617,100.00,294.112,M/sec
61396618,,branch-misses:u,1329337518617,100.00,0.02,of all branches
