benchmarking ./build/bin/v7_cache_reuse_rust with input containing 36000000 elements, stopping after 100 iterations or 600 seconds
3.338083
3.347926
3.344989
3.332429
3.366736
3.344052
3.35619
3.355221
3.333394
3.337888
3.33252
3.339912
3.340505
3.339651
3.331347
3.329199
3.373041
3.330855
3.329248
3.328716
3.330236
3.329796
3.331752
3.327561
3.332211
3.327594
3.329632
3.349328
3.332388
3.335554
3.332186
3.362874
3.326446
3.332952
3.340925
3.337696
3.327687
3.334718
3.329456
3.338923
3.339415
3.335424
3.343693
3.333736
3.343379
3.337064
3.328935
3.328438
3.340129
3.351933
3.327548
3.329186
3.329966
3.329927
3.350561
3.329939
3.337636
3.328465
3.329681
3.342959
3.329623
3.328697
3.338245
3.347372
3.330781
3.329772
3.333117
3.334936
3.33062
3.335221
3.334507
3.327705
3.33278
3.331709
3.334524
3.331483
3.339427
3.3317
3.330848
3.331241
3.329944
3.329582
3.328928
3.341773
3.352921
3.351797
3.330534
3.331795
3.340063
3.347231
3.332645
3.329288
3.331248
3.330929
3.334972
3.328717
3.328729
3.334378
3.330372
3.328484
1334857.12,msec,task-clock:u,1334857118004,100.00,3.797,CPUs utilized
0,,context-switches:u,1334857118004,100.00,0.000,K/sec
0,,cpu-migrations:u,1334857118004,100.00,0.000,K/sec
3630970,,page-faults:u,1334857118004,100.00,0.003,M/sec
5708384389036,,cycles:u,1334883443122,100.00,4.276,GHz
8904095849350,,instructions:u,1334883443122,100.00,1.56,insn per cycle
404093146645,,branches:u,1334883443122,100.00,302.724,M/sec
916706656,,branch-misses:u,1334883443122,100.00,0.23,of all branches
