benchmarking ./build/bin/v4_register_reuse_rust with input containing 36000000 elements, stopping after 100 iterations or 900 seconds
18.52068
18.52099
18.51723
18.51883
18.51843
18.51234
18.50687
18.5216
18.50486
18.51246
18.50081
18.50628
18.49378
18.50483
18.49381
18.4992
18.49973
18.5015
18.50266
18.50828
18.50403
18.52204
18.50638
18.51238
18.51359
18.5121
18.51338
18.51284
18.50631
18.51153
18.50966
18.51744
18.51702
18.50999
18.51443
18.52109
18.51364
18.51731
18.5127
18.52772
18.52277
18.52858
18.52778
18.51771
18.52174
18.5111
18.51689
18.51534
18.52935
917319.61,msec,task-clock:u,917319613936,100.00,1.000,CPUs utilized
0,,context-switches:u,917319613936,100.00,0.000,K/sec
0,,cpu-migrations:u,917319613936,100.00,0.000,K/sec
3515906,,page-faults:u,917319613936,100.00,0.004,M/sec
3092040295364,,cycles:u,917322890150,100.00,3.371,GHz
4294374436498,,instructions:u,917322890150,100.00,1.39,insn per cycle
172373005422,,branches:u,917322890150,100.00,187.909,M/sec
196598967,,branch-misses:u,917322890150,100.00,0.11,of all branches
