benchmarking ./build/bin/v5_more_register_reuse_rust with input containing 36000000 elements, stopping after 100 iterations or 900 seconds
10.15037
10.14882
10.1489
10.143
10.13882
10.14136
10.14703
10.13929
10.14306
10.14645
10.13922
10.15012
10.14753
10.14473
10.13923
10.14542
10.13604
10.13846
10.14159
10.14227
10.14127
10.12771
10.14765
10.14675
10.14838
10.13883
10.13609
10.14777
10.14342
10.13595
10.14643
10.14778
10.13878
10.14217
10.13908
10.15063
10.14636
10.14571
10.14503
10.14294
10.14657
10.14913
10.13369
10.15075
10.14617
10.13457
10.15071
10.14946
10.14877
10.14438
10.15026
10.13936
10.14403
10.14057
10.13647
10.12686
10.14943
10.14815
10.13854
10.14515
10.14622
10.14946
10.14567
10.14336
10.14399
10.14949
10.14413
10.14251
10.14044
10.14633
10.13861
10.13994
10.13102
10.14061
10.14926
10.14554
10.14693
10.1486
10.13923
10.14929
10.13444
10.13722
10.14483
10.14906
10.15456
10.13903
10.13943
10.14368
10.15026
921202.95,msec,task-clock:u,921202947611,100.00,1.000,CPUs utilized
0,,context-switches:u,921202947611,100.00,0.000,K/sec
0,,cpu-migrations:u,921202947611,100.00,0.000,K/sec
6328465,,page-faults:u,921202947611,100.00,0.007,M/sec
3092265275246,,cycles:u,921205950003,100.00,3.357,GHz
8087333819937,,instructions:u,921205950003,100.00,2.62,insn per cycle
344891922543,,branches:u,921205950003,100.00,374.393,M/sec
135775051,,branch-misses:u,921205950003,100.00,0.04,of all branches
