benchmarking ./build/bin/v6_prefetch_rust with input containing 36000000 elements, stopping after 100 iterations or 900 seconds
8.891988
8.892324
8.893475
8.892407
8.89162
8.892879
8.896861
8.891275
8.891552
8.889735
8.890484
8.894369
8.892517
8.89256
8.892714
8.896035
8.891739
8.892485
8.893988
8.896248
8.89296
8.893991
8.895443
8.897857
8.896304
8.900363
8.89317
8.896651
8.894177
8.892566
8.899452
8.893447
8.891879
8.893199
8.895652
8.893929
8.892171
8.894643
8.893822
8.898697
8.892653
8.892403
8.892626
8.892682
8.891974
8.894448
8.892262
8.89525
8.891835
8.900544
8.892509
8.894528
8.897165
8.890518
8.897224
8.895721
8.894279
8.89272
8.89394
8.89324
8.897823
8.891629
8.896458
8.891854
8.893358
8.892969
8.893229
8.901045
8.896246
8.893929
8.902966
8.892042
8.89618
8.895383
8.891806
8.89529
8.891854
8.893357
8.891867
8.898466
8.890761
8.891772
8.892203
8.89309
8.892433
8.894885
8.893107
8.893502
8.896434
8.892705
8.901033
8.891302
8.892306
8.899378
8.897124
8.898105
8.892891
8.893995
8.894099
8.896009
910322.44,msec,task-clock:u,910322440704,100.00,1.000,CPUs utilized
0,,context-switches:u,910322440704,100.00,0.000,K/sec
0,,cpu-migrations:u,910322440704,100.00,0.000,K/sec
7101922,,page-faults:u,910322440704,100.00,0.008,M/sec
3052262742320,,cycles:u,910325491746,100.00,3.353,GHz
9763769256471,,instructions:u,910325491746,100.00,3.20,insn per cycle
386849419075,,branches:u,910325491746,100.00,424.959,M/sec
100783578,,branch-misses:u,910325491746,100.00,0.03,of all branches
