benchmarking ./build/bin/v7_cache_reuse_rust with input containing 36000000 elements, stopping after 100 iterations or 900 seconds
10.96578
10.93709
10.92254
10.93238
10.9416
10.94432
10.94151
10.93564
10.94632
10.94911
10.94388
10.95709
10.95733
10.9455
10.95314
10.931
10.94347
10.94797
10.94135
10.95814
10.95101
10.94943
10.93761
10.94821
10.95455
10.93846
10.95776
10.94355
10.94644
10.9431
10.95401
10.94246
10.9532
10.95312
10.94724
10.94635
10.95246
10.94287
10.94768
10.94671
10.94041
10.94969
10.93632
10.94507
10.94304
10.9455
10.94277
10.95643
10.93966
10.93443
10.94173
10.94841
10.95738
10.94697
10.94715
10.9311
10.94599
10.94148
10.95403
10.93452
10.94628
10.94325
10.95208
10.95012
10.94811
10.9529
10.95202
10.93258
10.94122
10.94815
10.94824
10.94335
10.93947
10.95663
10.94032
10.94736
10.93982
10.95874
10.9408
10.94686
10.93413
10.94737
10.93784
925901.19,msec,task-clock:u,925901185946,100.00,1.000,CPUs utilized
0,,context-switches:u,925901185946,100.00,0.000,K/sec
0,,cpu-migrations:u,925901185946,100.00,0.000,K/sec
3047876,,page-faults:u,925901185946,100.00,0.003,M/sec
3118642837849,,cycles:u,925903553663,100.00,3.368,GHz
9597997180867,,instructions:u,925903553663,100.00,3.08,insn per cycle
328765209163,,branches:u,925903553663,100.00,355.076,M/sec
765217697,,branch-misses:u,925903553663,100.00,0.23,of all branches
