benchmarking ./build/bin/v3_simd_cpp with input containing 36000000 elements, stopping after 100 iterations or 600 seconds
13.74906
13.75354
13.83752
13.8462
13.85451
13.75563
13.83063
13.7541
13.83289
13.85162
13.75413
13.75208
13.83992
13.84892
13.85128
13.85198
13.75756
13.75582
13.75166
13.74948
13.75163
13.75254
13.75487
13.75245
13.7555
13.7538
13.7494
13.75422
13.76466
13.75296
13.75442
13.84714
13.85227
13.82368
13.84336
13.75325
13.84978
13.84417
13.75729
13.75257
13.85098
13.75718
13.75347
13.84632
2550883.33,msec,task-clock:u,2550883330204,100.00,3.617,CPUs utilized
0,,context-switches:u,2550883330204,100.00,0.000,K/sec
0,,cpu-migrations:u,2550883330204,100.00,0.000,K/sec
6258122,,page-faults:u,2550883330204,100.00,0.002,M/sec
10870897142292,,cycles:u,2550900792990,100.00,4.262,GHz
5274464330041,,instructions:u,2550900792990,100.00,0.49,insn per cycle
392274951402,,branches:u,2550900792990,100.00,153.780,M/sec
1593443275,,branch-misses:u,2550900792990,100.00,0.41,of all branches
