benchmarking ./build/bin/v4_register_reuse_cpp with input containing 36000000 elements, stopping after 100 iterations or 600 seconds
4.736702
4.739531
4.732621
4.741631
4.744546
4.759461
4.751265
4.740279
4.741278
4.731262
4.730335
4.743871
4.725515
4.748131
4.752199
4.746246
4.741248
4.748475
4.733142
4.744569
4.743423
4.734087
4.741428
4.742873
4.732432
4.749702
4.758365
4.726148
4.738788
4.745378
4.731898
4.756222
4.732795
4.741696
4.732024
4.724975
4.750806
4.732962
4.740284
4.747657
4.74441
4.742144
4.729434
4.744285
4.732987
4.74747
4.747619
4.754475
4.729029
4.744436
4.725821
4.74861
4.745909
4.737093
4.724365
4.745234
4.727144
4.727782
4.742249
4.750735
4.720634
4.75493
4.733673
4.734325
4.746308
4.724899
4.718437
4.727801
4.734918
4.739247
4.745999
4.74558
4.729037
4.732798
4.735395
4.743992
4.7183
4.735
4.750313
4.729297
4.752147
4.725591
4.728643
4.733115
4.748603
4.743279
4.756246
4.737494
4.724812
4.731911
4.749075
4.744945
4.728241
4.73847
4.743755
4.743434
4.752152
4.723064
4.733862
4.718021
2178131.75,msec,task-clock:u,2178131746219,100.00,3.112,CPUs utilized
0,,context-switches:u,2178131746219,100.00,0.000,K/sec
0,,cpu-migrations:u,2178131746219,100.00,0.000,K/sec
14133173,,page-faults:u,2178131746219,100.00,0.006,M/sec
9183157351806,,cycles:u,2178148737956,100.00,4.216,GHz
9203012178960,,instructions:u,2178148737956,100.00,1.00,insn per cycle
506506783805,,branches:u,2178148737956,100.00,232.542,M/sec
419739538,,branch-misses:u,2178148737956,100.00,0.08,of all branches
