benchmarking ./build/bin/v5_more_register_reuse_cpp with input containing 36000000 elements, stopping after 100 iterations or 600 seconds
3.417081
3.382345
3.38256
3.38786
3.395097
3.391184
3.386091
3.396241
3.382703
3.38606
3.398079
3.386044
3.401644
3.390223
3.387328
3.397655
3.386969
3.385428
3.392571
3.383991
3.383521
3.389752
3.384967
3.391806
3.384476
3.385144
3.379022
3.385024
3.402552
3.391195
3.3858
3.394759
3.386321
3.381275
3.395906
3.384787
3.384588
3.431229
3.38289
3.396216
3.383764
3.381509
3.396498
3.386717
3.386403
3.389893
3.3859
3.402481
3.386023
3.384663
3.396452
3.38456
3.387826
3.389324
3.38681
3.396795
3.383075
3.381234
3.396257
3.386903
3.385459
3.388005
3.385091
3.399801
3.385355
3.381871
3.396736
3.382443
3.381312
3.39078
3.383664
3.399482
3.388685
3.382715
3.389843
3.386424
3.381001
3.384432
3.382889
3.400026
3.396359
3.381621
3.393677
3.385559
3.38484
3.384787
3.384934
3.400426
3.389452
3.386346
3.394929
3.386337
3.381449
3.388616
3.385654
3.392855
3.388075
3.381152
3.389324
3.385832
1636206.35,msec,task-clock:u,1636206349726,100.00,2.896,CPUs utilized
0,,context-switches:u,1636206349726,100.00,0.000,K/sec
0,,cpu-migrations:u,1636206349726,100.00,0.000,K/sec
14133174,,page-faults:u,1636206349726,100.00,0.009,M/sec
6852594423662,,cycles:u,1636218062198,100.00,4.188,GHz
9529965185542,,instructions:u,1636218062198,100.00,1.39,insn per cycle
553350667497,,branches:u,1636218062198,100.00,338.191,M/sec
77948266,,branch-misses:u,1636218062198,100.00,0.01,of all branches
