benchmarking ./build/bin/v6_prefetch_cpp with input containing 36000000 elements, stopping after 100 iterations or 600 seconds
3.375239
3.360937
3.363144
3.363562
3.363717
3.360244
3.375735
3.36353
3.361133
3.365484
3.36265
3.407627
3.366359
3.382068
3.412544
3.362875
3.373773
3.362537
3.371631
3.477172
3.363393
3.36123
3.366125
3.362109
3.363494
3.362771
3.368486
3.416516
3.363815
3.363842
3.36619
3.36393
3.365854
3.372147
3.379642
3.364029
3.376179
3.365904
3.364443
3.373646
3.367152
3.362146
3.411579
3.362013
3.371118
3.413072
3.361391
3.374579
3.406513
3.370913
3.368006
3.3648
3.413595
3.364173
3.362194
3.361932
3.362737
3.361724
3.364608
3.376831
3.361144
3.361934
3.373991
3.365597
3.376002
3.362619
3.409376
3.361828
3.36699
3.368015
3.370386
3.416638
3.360185
3.364132
3.360982
3.376611
3.415015
3.361636
3.363395
3.365719
3.363982
3.363974
3.36189
3.365384
3.365037
3.379841
3.363702
3.369961
3.424117
3.364259
3.364115
3.367182
3.406657
3.3615
3.363018
3.361501
3.365314
3.397674
3.364849
3.411587
1628314.95,msec,task-clock:u,1628314952749,100.00,2.890,CPUs utilized
0,,context-switches:u,1628314952749,100.00,0.000,K/sec
0,,cpu-migrations:u,1628314952749,100.00,0.000,K/sec
14133180,,page-faults:u,1628314952749,100.00,0.009,M/sec
6820612586087,,cycles:u,1628326950976,100.00,4.189,GHz
10195658578056,,instructions:u,1628326950976,100.00,1.49,insn per cycle
550512319353,,branches:u,1628326950976,100.00,338.087,M/sec
77420694,,branch-misses:u,1628326950976,100.00,0.01,of all branches
