benchmarking ./build/bin/v7_cache_reuse_cpp with input containing 36000000 elements, stopping after 100 iterations or 600 seconds
3.316847
3.315059
3.314832
3.35387
3.316347
3.342104
3.308614
3.358031
3.355875
3.308029
3.307697
3.33308
3.34889
3.346484
3.310941
3.306212
3.3067
3.306754
3.309206
3.325367
3.360164
3.309238
3.313534
3.307344
3.305932
3.306534
3.306366
3.306926
3.307646
3.306169
3.308011
3.307227
3.30809
3.306802
3.315819
3.307474
3.307387
3.306055
3.306856
3.311565
3.306939
3.308759
3.331098
3.308662
3.307148
3.305949
3.306341
3.308079
3.316218
3.347311
3.309284
3.307122
3.306562
3.306165
3.306548
3.307331
3.306981
3.311725
3.30632
3.306806
3.307918
3.317883
3.319029
3.334685
3.311206
3.315027
3.306392
3.344684
3.307511
3.307659
3.312138
3.3083
3.311882
3.307193
3.309482
3.333195
3.341594
3.341804
3.307398
3.307816
3.324432
3.352443
3.35567
3.334576
3.341749
3.31791
3.308031
3.335785
3.344419
3.328579
3.326579
3.314281
3.333903
3.315096
3.332976
3.309312
3.322965
3.31559
3.314717
3.316378
1613273.73,msec,task-clock:u,1613273726040,100.00,2.891,CPUs utilized
0,,context-switches:u,1613273726040,100.00,0.000,K/sec
0,,cpu-migrations:u,1613273726040,100.00,0.000,K/sec
4758267,,page-faults:u,1613273726040,100.00,0.003,M/sec
6861678736564,,cycles:u,1613285340118,100.00,4.253,GHz
9555074738072,,instructions:u,1613285340118,100.00,1.39,insn per cycle
553354250940,,branches:u,1613285340118,100.00,343.001,M/sec
868339429,,branch-misses:u,1613285340118,100.00,0.16,of all branches
