benchmarking ./build/bin/v3_simd_rust with input containing 36000000 elements, stopping after 100 iterations or 900 seconds
16.66083
16.65561
16.65871
16.67824
16.66653
16.66649
17.10807
16.64227
16.65435
16.65804
16.6693
16.67673
16.67173
16.65921
16.66211
16.66441
16.67723
16.67549
16.6639
16.65759
16.67002
16.67531
17.63399
16.67019
16.67361
16.66647
16.67419
16.65665
17.32111
16.65623
16.66764
16.65745
16.6696
16.66569
16.66086
17.10282
16.63543
16.67646
17.12961
16.66567
16.66158
16.65818
17.20138
16.62721
16.64966
16.66091
16.65405
16.66012
16.66771
16.65996
16.66254
16.67458
16.65905
16.67632
3600534.64,msec,task-clock:u,3600534642483,100.00,3.929,CPUs utilized
0,,context-switches:u,3600534642483,100.00,0.000,K/sec
0,,cpu-migrations:u,3600534642483,100.00,0.000,K/sec
3867553,,page-faults:u,3600534642483,100.00,0.001,M/sec
8640828608472,,cycles:u,3600542000803,100.00,2.400,GHz
6050742941197,,instructions:u,3600542000803,100.00,0.70,insn per cycle
397385605513,,branches:u,3600542000803,100.00,110.368,M/sec
1945554238,,branch-misses:u,3600542000803,100.00,0.49,of all branches
