benchmarking ./build/bin/v4_register_reuse_rust with input containing 36000000 elements, stopping after 100 iterations or 900 seconds
5.399178
5.426381
5.425876
5.430157
5.431025
5.416199
5.416247
5.428231
5.430609
5.421122
5.424732
5.422343
5.444095
5.430251
5.42515
5.432224
5.416706
5.427034
5.416989
5.427121
5.418625
5.429446
5.435752
5.425242
5.449229
5.425335
5.436482
5.430106
5.427629
5.439159
5.440762
5.429582
5.426525
5.426466
5.426532
5.431894
5.4398
5.42553
5.426752
5.42452
5.427121
5.430495
5.423321
5.425563
5.430197
5.423512
5.440902
5.428041
5.426326
5.427358
5.425679
5.428494
5.432748
5.427439
5.425182
5.4276
5.426728
5.426872
5.428556
5.429123
5.424603
5.450033
5.425606
5.427161
5.429102
5.432639
5.432914
5.425272
5.43173
5.45354
5.45061
5.434788
5.431167
5.43288
5.431196
5.42238
5.429692
5.43084
5.426635
5.425178
5.425113
5.433111
5.424843
5.430964
5.436264
5.424374
5.440241
5.420583
5.428564
5.426904
5.425439
5.426914
5.429997
5.438099
5.430884
5.432976
5.428815
5.4269
5.438837
5.428345
2160708.19,msec,task-clock:u,2160708194316,100.00,3.804,CPUs utilized
0,,context-switches:u,2160708194316,100.00,0.000,K/sec
0,,cpu-migrations:u,2160708194316,100.00,0.000,K/sec
7101998,,page-faults:u,2160708194316,100.00,0.003,M/sec
5205069594116,,cycles:u,2160715495096,100.00,2.409,GHz
8503869547294,,instructions:u,2160715495096,100.00,1.63,insn per cycle
360176956003,,branches:u,2160715495096,100.00,166.694,M/sec
401899917,,branch-misses:u,2160715495096,100.00,0.11,of all branches
