benchmarking ./build/bin/v5_more_register_reuse_rust with input containing 36000000 elements, stopping after 100 iterations or 900 seconds
3.816737
3.718824
3.78161
3.812567
3.68187
3.809396
3.710722
3.77181
3.751647
3.673215
3.817866
3.764454
3.748741
3.790122
3.722781
3.737368
3.951584
3.723147
3.73567
3.755595
3.744701
3.676236
3.779681
3.73296
3.743059
3.804739
3.733954
3.729822
3.772933
3.795165
3.803853
3.73943
3.783473
3.781118
3.745593
3.935322
3.762105
3.746948
4.06761
3.94002
3.860522
3.917813
3.844722
3.777807
3.926887
3.746956
3.769902
3.780334
3.856579
3.873204
3.919349
3.83614
3.736657
3.813358
3.856388
3.905765
3.882486
3.79811
3.769933
3.776159
3.819941
3.752918
3.718887
3.898859
3.763633
3.804799
3.745095
3.765343
3.78189
3.842931
3.738287
3.745433
3.748717
3.794731
3.82205
3.69094
3.783226
3.795935
3.725252
3.742451
3.622581
3.907691
3.805382
3.771713
3.780737
3.751476
3.728399
3.732212
3.764637
3.783278
3.777251
3.756197
3.70926
3.762687
3.931043
3.72982
3.772659
3.707114
3.916638
3.772104
1497022.06,msec,task-clock:u,1497022061565,100.00,3.711,CPUs utilized
0,,context-switches:u,1497022061565,100.00,0.000,K/sec
0,,cpu-migrations:u,1497022061565,100.00,0.000,K/sec
7101996,,page-faults:u,1497022061565,100.00,0.005,M/sec
3536293889438,,cycles:u,1497030204435,100.00,2.362,GHz
9120569908300,,instructions:u,1497030204435,100.00,2.58,insn per cycle
391927240398,,branches:u,1497030204435,100.00,261.805,M/sec
162299952,,branch-misses:u,1497030204435,100.00,0.04,of all branches
