benchmarking ./build/bin/v6_prefetch_rust with input containing 36000000 elements, stopping after 100 iterations or 900 seconds
3.370019
3.428489
3.433821
3.428073
3.434349
3.431515
3.43748
3.448488
3.429347
3.435373
3.432059
3.427557
3.437181
3.436821
3.439126
3.437324
3.4389
3.433045
3.435359
3.433734
3.43636
3.437126
3.433908
3.455251
3.429824
3.437598
3.434393
3.429001
3.431051
3.429527
3.433801
3.429734
3.42675
3.429969
3.43882
3.425659
3.435577
3.432842
3.426804
3.430784
3.427251
3.42659
3.433471
3.427374
3.433379
3.433874
3.438099
3.43209
3.436064
3.435429
3.437479
3.434393
3.434633
3.43452
3.441087
3.435779
3.434397
3.431523
3.432661
3.427164
3.434582
3.576687
3.433702
3.436305
3.440411
3.427339
3.430593
3.443562
3.430298
3.444552
3.428275
3.428042
3.433076
3.428598
3.431718
3.43405
3.433975
3.450093
3.433103
3.448735
3.435748
3.433902
3.437425
3.435409
3.430579
3.432064
3.439029
3.440087
3.436765
3.440817
3.433008
3.432319
3.433388
3.426758
3.428304
3.428732
3.429485
3.426996
3.430475
3.425993
1360329.30,msec,task-clock:u,1360329299085,100.00,3.687,CPUs utilized
0,,context-switches:u,1360329299085,100.00,0.000,K/sec
0,,cpu-migrations:u,1360329299085,100.00,0.000,K/sec
7101999,,page-faults:u,1360329299085,100.00,0.005,M/sec
3072678100754,,cycles:u,1360337376611,100.00,2.259,GHz
9792761101855,,instructions:u,1360337376611,100.00,3.19,insn per cycle
390971808887,,branches:u,1360337376611,100.00,287.410,M/sec
159601350,,branch-misses:u,1360337376611,100.00,0.04,of all branches
