benchmarking ./build/bin/v7_cache_reuse_rust with input containing 36000000 elements, stopping after 100 iterations or 900 seconds
3.293674
3.350653
3.328546
3.341669
3.324885
3.317233
3.343759
3.3206
3.321883
3.328816
3.348019
3.339249
3.344189
3.331354
3.316135
3.33268
3.347268
3.305328
3.323567
3.335784
3.348796
3.319069
3.305951
3.336851
3.329738
3.34936
3.327496
3.356866
3.323814
3.33361
3.305487
3.343168
3.317747
3.332236
3.332291
3.360801
3.329529
3.336458
3.345718
3.355305
3.355881
3.347582
3.329143
3.35638
3.328746
3.350077
3.328263
3.351643
3.358186
3.352144
3.350137
3.332962
3.318752
3.33425
3.313517
3.333137
3.3509
3.320528
3.330637
3.35178
3.345968
3.371292
3.31852
3.323081
3.327166
3.348325
3.336891
3.33899
3.342942
3.344654
3.358366
3.336301
3.331634
3.329823
3.331883
3.336066
3.340623
3.335329
3.359384
3.334522
3.332415
3.335799
3.322657
3.33364
3.327407
3.332373
3.318444
3.321457
3.329163
3.34833
3.321558
3.328828
3.349174
3.335675
3.341253
3.336395
3.316179
3.320281
3.330939
3.333168
1324312.47,msec,task-clock:u,1324312471894,100.00,3.705,CPUs utilized
0,,context-switches:u,1324312471894,100.00,0.000,K/sec
0,,cpu-migrations:u,1324312471894,100.00,0.000,K/sec
3630977,,page-faults:u,1324312471894,100.00,0.003,M/sec
3300151697839,,cycles:u,1324349131032,100.00,2.492,GHz
8904136475569,,instructions:u,1324349131032,100.00,2.70,insn per cycle
404097675076,,branches:u,1324349131032,100.00,305.138,M/sec
929142034,,branch-misses:u,1324349131032,100.00,0.23,of all branches
